0.0960009 0.156139 0.149298 0.183697
0.301477 0.472805 0.360854 0.481425
0.676527 0.0766461 0.733531 0.0953683
0.883298 0.351302 0.927669 0.39169
0.753599 0.0410381 0.798497 0.00123706
0.542565 0.276482 0.602312 0.281984
0.00254799 0.6093 0.0320553 0.557057
0.730961 0.251559 0.778347 0.214754
0.463252 0.757299 0.5232 0.754796
0.468661 0.273537 0.519858 0.24225
0.442627 0.577908 0.500966 0.591925
0.558513 0.104398 0.602423 0.0635094
0.901866 0.75394 0.961865 0.754163
-0.00467376 0.693845 0.0532417 0.678167
0.623929 0.203149 0.679981 0.224554
0.0702291 0.110152 0.1262 0.131768
0.563856 0.866839 0.590682 0.813171
0.443316 0.737548 0.463698 0.79398
0.209726 0.969479 0.242493 1.01974
0.931911 0.842209 0.94784 0.784362
0.106674 0.0406742 0.160934 0.0662849
0.0823951 0.991534 0.141159 0.979417
0.242839 0.249076 0.302664 0.253654
0.277603 0.511176 0.286782 0.451883
0.195631 0.0410037 0.233806 -0.0052856
0.527673 0.280599 0.569371 0.237457
0.876651 0.151517 0.927872 0.120268
0.802887 0.740424 0.860518 0.757117
0.173114 0.148602 0.229322 0.169594
0.0360732 0.4103 0.092361 0.389523
0.9567 0.347016 1.01622 0.339442
-0.00126185 0.844179 0.0586541 0.847354
0.548571 0.841605 0.603474 0.865805
0.83343 0.253752 0.862686 0.306137
0.932418 0.902297 0.971142 0.948128
0.284121 0.811256 0.296718 0.752593
0.803863 0.846834 0.85659 0.875467
0.123752 0.239031 0.165797 0.281836
0.518268 0.0828376 0.577333 0.093386
0.609967 0.677878 0.637288 0.731297
0.329961 0.787679 0.353311 0.732409
0.582811 0.213355 0.642809 0.212909
0.82464 1.01892 0.852363 0.965705
0.0620554 0.0613848 0.0935808 0.112435
0.76451 0.118111 0.821606 0.099671
0.803435 0.415343 0.83267 0.467739
0.900065 0.0744832 0.932231 0.0238337
0.241485 0.891764 0.297606 0.912989
0.800865 0.664886 0.847695 0.627378
0.238462 0.0821749 0.27906 0.0379954
-0.00855277 0.399132 0.0344729 0.357313
0.952125 0.808123 1.00308 0.839808
0.964625 0.895002 1.02428 0.888547
0.695657 0.613501 0.747511 0.583314
0.72831 0.449627 0.788308 0.449125
0.866174 0.380112 0.908802 0.337888
0.770104 0.263307 0.81727 0.300393
0.535669 0.692207 0.594416 0.704406
0.742009 0.676453 0.742977 0.616461
0.628074 0.286827 0.684961 0.3059
0.605486 0.654391 0.643095 0.607641
0.797473 0.381346 0.824881 0.43472
0.695035 0.8442 0.733399 0.890332
0.163294 0.984298 0.215412 0.954571
0.3078 0.839994 0.355953 0.875789
0.928931 0.639161 0.971745 0.597125
0.5088 0.286603 0.568606 0.291421
0.353295 0.683004 0.397814 0.642778
0.153128 0.0130142 0.212467 0.00413142
0.0257351 0.236784 0.0470483 0.180697
0.296369 0.205199 0.35635 0.206716
0.440023 0.514111 0.49873 0.526504
0.0352013 0.544499 0.0705918 0.59295
0.00497718 0.286904 0.0639027 0.298208
0.210786 0.195664 0.242523 0.144744
0.088292 0.0217192 0.147483 0.0118989
0.100648 0.671839 0.15771 0.653293
0.192323 0.0919764 0.210137 0.0346817
0.529309 0.461585 0.581171 0.491758
-0.00784769 0.362306 0.0132933 0.418458
0.441262 0.183815 0.487351 0.222231
0.386789 0.957099 0.426542 0.912158
0.911091 0.918714 0.96971 0.931511
0.777864 0.264891 0.81417 0.312661
0.290363 0.478385 0.343181 0.506852
0.246452 0.339793 0.306451 0.339393
0.732403 0.51364 0.791921 0.521224
0.163502 0.678955 0.218742 0.655536
0.0985577 0.697539 0.158546 0.696344
0.512 0.425047 0.568767 0.444475
0.477946 0.722495 0.536429 0.709089
0.0799368 0.0236812 0.137462 0.00662747
0.198419 0.453605 0.256199 0.437437
0.336335 0.432146 0.37121 0.383322
0.912033 0.64403 0.962173 0.676984
0.635975 0.133192 0.683982 0.0972012
0.570999 0.384756 0.630445 0.392894
0.0938157 0.737203 0.15222 0.75095
0.791979 0.57661 0.803863 0.517799
0.312472 0.548655 0.365522 0.520624
